image_width: 1280
image_height: 1024
camera_name: 16276501
camera_matrix:
  rows: 3
  cols: 3
  data: [1762.279104, 0.000000, 639.464746, 0.000000, 1760.364023, 469.466534, 0.000000, 0.000000, 1.000000]
distortion_model: plumb_bob
distortion_coefficients:
  rows: 1
  cols: 5
  data: [-0.096290, 0.193836, -0.006218, 0.003752, 0.000000]
rectification_matrix:
  rows: 3
  cols: 3
  data: [1.000000, 0.000000, 0.000000, 0.000000, 1.000000, 0.000000, 0.000000, 0.000000, 1.000000]
projection_matrix:
  rows: 3
  cols: 4
  data: [1746.537354, 0.000000, 642.005832, 0.000000, 0.000000, 1745.055176, 465.651738, 0.000000, 0.000000, 0.000000, 1.000000, 0.000000]
