image_width: 1280
image_height: 1024
camera_name: 16276501
camera_matrix:
  rows: 3
  cols: 3
  data: [1769.853293, 0.000000, 638.222568, 0.000000, 1770.164315, 481.462853, 0.000000, 0.000000, 1.000000]
distortion_model: plumb_bob
distortion_coefficients:
  rows: 1
  cols: 5
  data: [-0.094623, 0.224023, -0.005772, 0.003108, 0.000000]
rectification_matrix:
  rows: 3
  cols: 3
  data: [1.000000, 0.000000, 0.000000, 0.000000, 1.000000, 0.000000, 0.000000, 0.000000, 1.000000]
projection_matrix:
  rows: 3
  cols: 4
  data: [1756.353638, 0.000000, 640.314616, 0.000000, 0.000000, 1756.572632, 477.866411, 0.000000, 0.000000, 0.000000, 1.000000, 0.000000]
